<?xml version="1.0"?>
<opencv_storage>
<Coordinate0 type_id="opencv-matrix">
  <rows>3</rows>
  <cols>1</cols>
  <dt>f</dt>
  <data>
    3.11398125e+001 -1.57070088e+000 7.15996206e-001</data></Coordinate0>
<Descriptor0 type_id="opencv-matrix">
  <rows>1</rows>
  <cols>128</cols>
  <dt>f</dt>
  <data>
    0. 122. 140. 0. 0. 0. 0. 0. 2. 108. 140. 5. 0. 0. 0. 0. 0. 50. 140.
    13. 0. 0. 0. 0. 0. 4. 140. 59. 0. 0. 0. 0. 47. 95. 90. 0. 0. 0. 0.
    4. 107. 82. 72. 0. 0. 2. 6. 25. 7. 26. 128. 7. 8. 24. 12. 10. 2. 4.
    114. 20. 2. 4. 10. 29. 93. 10. 1. 0. 0. 0. 0. 50. 126. 62. 19. 1. 0.
    1. 1. 17. 17. 23. 34. 13. 8. 8. 3. 35. 6. 0. 1. 1. 1. 2. 5. 94. 67.
    2. 0. 0. 0. 0. 0. 37. 36. 14. 2. 0. 0. 0. 0. 89. 19. 5. 3. 0. 0. 0.
    0. 117. 5. 0. 3. 6. 0. 0. 0. 43.</data></Descriptor0>
<Coordinate1 type_id="opencv-matrix">
  <rows>3</rows>
  <cols>1</cols>
  <dt>f</dt>
  <data>
    3.12962646e+001 -1.52680874e+000 8.43848050e-001</data></Coordinate1>
<Descriptor1 type_id="opencv-matrix">
  <rows>1</rows>
  <cols>128</cols>
  <dt>f</dt>
  <data>
    2. 0. 0. 0. 0. 12. 104. 29. 50. 0. 0. 0. 0. 8. 98. 79. 159. 3. 0. 0.
    0. 0. 3. 72. 155. 34. 9. 3. 3. 2. 0. 7. 40. 7. 2. 1. 1. 10. 34. 46.
    59. 6. 5. 16. 16. 23. 45. 24. 159. 8. 0. 1. 2. 2. 3. 41. 126. 34.
    11. 3. 0. 0. 0. 3. 9. 6. 3. 2. 1. 61. 22. 4. 63. 16. 8. 23. 12. 20.
    2. 1. 159. 81. 0. 1. 1. 1. 0. 4. 88. 75. 2. 1. 0. 0. 0. 0. 2. 2. 0.
    0. 0. 59. 12. 0. 18. 7. 0. 0. 7. 87. 13. 2. 159. 101. 0. 0. 1. 10.
    9. 7. 104. 79. 0. 0. 0. 0. 0. 1.</data></Descriptor1>
<Coordinate2 type_id="opencv-matrix">
  <rows>3</rows>
  <cols>1</cols>
  <dt>f</dt>
  <data>
    2.04999390e+001 -2.23521256e+000 2.00097322e+000</data></Coordinate2>
<Descriptor2 type_id="opencv-matrix">
  <rows>1</rows>
  <cols>128</cols>
  <dt>f</dt>
  <data>
    12. 43. 114. 42. 0. 0. 0. 0. 126. 55. 35. 12. 0. 0. 0. 12. 126. 6.
    0. 0. 0. 0. 0. 27. 78. 9. 0. 0. 0. 0. 0. 3. 86. 45. 51. 4. 0. 0. 0.
    17. 126. 29. 6. 1. 0. 0. 0. 32. 110. 48. 24. 0. 0. 0. 0. 19. 67. 61.
    9. 0. 0. 0. 0. 1. 57. 5. 0. 0. 3. 9. 36. 83. 126. 125. 11. 0. 1. 1.
    1. 13. 58. 111. 60. 0. 0. 0. 0. 12. 114. 49. 10. 0. 0. 0. 0. 41. 6.
    3. 0. 25. 58. 25. 33. 16. 119. 36. 1. 3. 7. 1. 0. 16. 126. 14. 1. 0.
    0. 0. 0. 50. 117. 0. 0. 0. 0. 0. 0. 118.</data></Descriptor2>
<Coordinate3 type_id="opencv-matrix">
  <rows>3</rows>
  <cols>1</cols>
  <dt>f</dt>
  <data>
    2.18488922e+001 -1.73888183e+000 2.44463038e+000</data></Coordinate3>
<Descriptor3 type_id="opencv-matrix">
  <rows>1</rows>
  <cols>128</cols>
  <dt>f</dt>
  <data>
    116. 23. 0. 0. 0. 0. 0. 28. 64. 107. 5. 0. 0. 0. 0. 11. 55. 38. 1.
    0. 0. 0. 1. 21. 24. 0. 0. 38. 11. 0. 0. 21. 56. 29. 3. 0. 0. 0. 1.
    22. 43. 140. 24. 0. 0. 0. 0. 3. 148. 90. 3. 9. 2. 0. 0. 10. 25. 2.
    2. 148. 90. 0. 0. 6. 6. 2. 0. 0. 0. 0. 4. 29. 83. 14. 3. 0. 0. 0. 2.
    40. 148. 25. 26. 102. 8. 0. 0. 28. 8. 2. 8. 148. 112. 0. 0. 0. 5. 0.
    0. 0. 0. 0. 2. 12. 38. 17. 22. 19. 1. 0. 1. 9. 33. 23. 84. 148. 9.
    0. 0. 3. 0. 0. 7. 148. 51. 0. 0. 0.</data></Descriptor3>
<Coordinate4 type_id="opencv-matrix">
  <rows>3</rows>
  <cols>1</cols>
  <dt>f</dt>
  <data>
    2.24093761e+001 -1.60458291e+000 2.53481078e+000</data></Coordinate4>
<Descriptor4 type_id="opencv-matrix">
  <rows>1</rows>
  <cols>128</cols>
  <dt>f</dt>
  <data>
    2. 1. 1. 5. 4. 6. 10. 2. 128. 8. 0. 0. 0. 0. 2. 23. 179. 1. 0. 0. 2.
    14. 9. 85. 10. 0. 0. 0. 40. 71. 10. 16. 3. 1. 1. 6. 3. 1. 5. 5. 179.
    11. 0. 0. 0. 0. 4. 11. 179. 13. 0. 0. 2. 10. 2. 32. 36. 1. 0. 0. 31.
    130. 10. 11. 14. 1. 0. 0. 0. 0. 1. 6. 149. 12. 0. 0. 0. 0. 1. 20.
    179. 41. 0. 0. 0. 1. 0. 6. 64. 8. 0. 0. 23. 38. 2. 1. 10. 8. 0. 0.
    0. 0. 0. 1. 114. 14. 0. 0. 0. 0. 0. 11. 179. 11. 0. 0. 0. 0. 0. 31.
    58. 2. 0. 0. 15. 6. 0. 5.</data></Descriptor4>
<Coordinate5 type_id="opencv-matrix">
  <rows>3</rows>
  <cols>1</cols>
  <dt>f</dt>
  <data>
    1.92273502e+001 -1.41128314e+000 2.64733934e+000</data></Coordinate5>
<Descriptor5 type_id="opencv-matrix">
  <rows>1</rows>
  <cols>128</cols>
  <dt>f</dt>
  <data>
    6. 106. 137. 2. 0. 0. 0. 0. 38. 137. 72. 0. 0. 0. 0. 3. 14. 95. 77.
    22. 10. 4. 1. 5. 0. 1. 13. 47. 59. 23. 1. 0. 70. 31. 13. 2. 0. 0. 0.
    8. 137. 56. 2. 0. 0. 0. 1. 89. 58. 22. 8. 2. 1. 7. 37. 85. 0. 0. 3.
    8. 26. 72. 20. 3. 78. 11. 1. 1. 0. 0. 4. 16. 137. 77. 0. 0. 0. 0. 0.
    24. 137. 25. 0. 0. 1. 20. 31. 49. 1. 0. 0. 0. 32. 88. 13. 2. 17. 4.
    0. 0. 0. 5. 53. 16. 137. 71. 0. 0. 0. 0. 15. 36. 137. 105. 0. 0. 1.
    10. 4. 15. 12. 6. 0. 0. 15. 76. 3. 2.</data></Descriptor5>
<Coordinate6 type_id="opencv-matrix">
  <rows>3</rows>
  <cols>1</cols>
  <dt>f</dt>
  <data>
    2.20452232e+001 -7.05108583e-001 2.91594458e+000</data></Coordinate6>
<Descriptor6 type_id="opencv-matrix">
  <rows>1</rows>
  <cols>128</cols>
  <dt>f</dt>
  <data>
    24. 22. 0. 0. 0. 0. 0. 0. 130. 28. 0. 0. 0. 0. 0. 7. 173. 13. 0. 0.
    0. 0. 0. 22. 37. 0. 0. 0. 2. 2. 0. 5. 12. 47. 0. 0. 0. 0. 0. 0. 156.
    66. 0. 0. 0. 0. 0. 2. 173. 48. 0. 0. 0. 0. 0. 5. 54. 3. 0. 0. 0. 1.
    0. 2. 14. 16. 0. 0. 0. 0. 0. 2. 173. 21. 0. 0. 0. 0. 0. 56. 173. 8.
    0. 0. 0. 0. 0. 90. 50. 1. 0. 0. 0. 0. 0. 7. 25. 2. 1. 0. 0. 0. 0. 3.
    173. 1. 0. 0. 0. 0. 0. 64. 173. 1. 0. 0. 0. 0. 0. 74. 18. 0. 0. 0.
    0. 0. 0. 5.</data></Descriptor6>
<Coordinate7 type_id="opencv-matrix">
  <rows>3</rows>
  <cols>1</cols>
  <dt>f</dt>
  <data>
    2.10403214e+001 -6.83582306e-001 2.92108250e+000</data></Coordinate7>
<Descriptor7 type_id="opencv-matrix">
  <rows>1</rows>
  <cols>128</cols>
  <dt>f</dt>
  <data>
    61. 39. 3. 20. 155. 10. 0. 0. 155. 101. 1. 1. 1. 0. 0. 0. 70. 12. 0.
    0. 0. 0. 0. 0. 1. 1. 0. 0. 6. 8. 0. 0. 54. 7. 1. 2. 155. 155. 15.
    14. 155. 35. 0. 0. 2. 13. 10. 34. 127. 7. 0. 0. 0. 0. 0. 3. 1. 0. 0.
    0. 1. 1. 0. 1. 9. 0. 0. 0. 66. 155. 19. 15. 155. 4. 0. 0. 5. 51. 23.
    68. 125. 5. 0. 0. 0. 0. 0. 4. 3. 1. 0. 0. 0. 0. 0. 0. 0. 2. 32. 20.
    37. 48. 5. 2. 87. 13. 6. 1. 7. 29. 18. 47. 68. 15. 1. 0. 0. 0. 0. 7.
    1. 2. 3. 1. 0. 0. 0. 0.</data></Descriptor7>
<Coordinate8 type_id="opencv-matrix">
  <rows>3</rows>
  <cols>1</cols>
  <dt>f</dt>
  <data>
    3.23690963e+000 -1.52203047e+000 2.58520484e+000</data></Coordinate8>
<Descriptor8 type_id="opencv-matrix">
  <rows>1</rows>
  <cols>128</cols>
  <dt>f</dt>
  <data>
    4. 1. 2. 129. 53. 0. 0. 0. 129. 5. 3. 43. 13. 0. 0. 34. 129. 21. 2.
    0. 0. 0. 0. 56. 59. 29. 35. 10. 0. 0. 0. 8. 25. 3. 2. 129. 44. 0. 0.
    4. 129. 24. 3. 10. 1. 0. 0. 31. 129. 103. 50. 0. 0. 0. 0. 6. 6. 37.
    129. 46. 0. 0. 0. 0. 27. 21. 2. 36. 35. 0. 0. 2. 103. 129. 7. 0. 0.
    0. 0. 5. 21. 122. 108. 0. 0. 0. 0. 2. 4. 13. 104. 25. 0. 0. 7. 15.
    6. 13. 1. 4. 30. 5. 11. 11. 27. 57. 1. 0. 0. 0. 14. 49. 33. 41. 12.
    0. 0. 0. 8. 110. 7. 5. 5. 0. 0. 0. 32. 129.</data></Descriptor8>
<Coordinate9 type_id="opencv-matrix">
  <rows>3</rows>
  <cols>1</cols>
  <dt>f</dt>
  <data>
    7.40526533e+000 -5.77862263e-001 2.94383621e+000</data></Coordinate9>
<Descriptor9 type_id="opencv-matrix">
  <rows>1</rows>
  <cols>128</cols>
  <dt>f</dt>
  <data>
    1. 0. 0. 84. 129. 0. 0. 1. 86. 0. 0. 20. 31. 0. 0. 67. 129. 1. 0. 0.
    0. 0. 0. 87. 80. 13. 0. 0. 0. 0. 0. 4. 14. 6. 3. 113. 119. 0. 0. 1.
    129. 13. 3. 13. 9. 0. 0. 60. 129. 6. 0. 0. 0. 0. 0. 58. 78. 19. 0.
    0. 0. 0. 0. 2. 35. 12. 4. 118. 60. 0. 0. 0. 129. 69. 2. 5. 1. 0. 0.
    3. 129. 70. 0. 0. 0. 0. 0. 3. 42. 44. 0. 0. 0. 0. 0. 0. 16. 8. 0.
    21. 32. 7. 3. 1. 99. 129. 0. 0. 0. 1. 1. 0. 47. 129. 6. 0. 0. 0. 0.
    0. 15. 85. 3. 0. 0. 0. 0. 0.</data></Descriptor9>
<Coordinate10 type_id="opencv-matrix">
  <rows>3</rows>
  <cols>1</cols>
  <dt>f</dt>
  <data>
    1.85379829e+001 1.04990923e+000 2.81027365e+000</data></Coordinate10>
